66443035
171462170
262029107
193930120
131020409
123755887
139374223
195651268
136888679
168799184
100096055
226645036
103788804
223512505
157567377
250049437
131555118
115938553
236896659
69367395
69367395
139374223
103788804
123755887
193930120
260604473
191488480
40914585
223404066
165266998
236486339
199498852
211362658
229008846
182605662
155748208
238773538
200106480
46853604
94213590
188383245
190067014
205816573
240200202
195651268
82267967
273822226
56693692
296760646
228468662
163402568
100096055
194259928
150289672
223887169
224976780
115567529
264465600
115938553
202093033
260559119
102704954
171462170
132640720
173803026
173845229
103358505
110612639
113271074
80266430
75058566
251490761
219745562
140247630
148617896
220647586
216996658
131020409
134025112
181852914
184413821
80882965
123835396
190647723
225293968
204683641
211068405
135234362
44669359
294665580
68747297
284244758
94068902
105831687
195801672
276430986
104657260
205962272
201704410
259300954
205746695
103154541
224661370
179071599
156345071
97112965
248375132
112985792
207647271
104130699
206580940
206814828
191442464
181778368
125858918
176619893
179193519
263747529
115253487
166381545
96088646
137499960
134139736
127952353
250049437
274537765
232137937
146480433
270038818
245246370
123114916
284057929
181928298
245867267
70243200
152065669
232585758
98873671
105653538
158047263
277273097
221387060
242570079
120266477
122778247
161141712
195617184
202984035
281185953
185532812
108233894
137823910
187820098
250877155
146661928
194849320
173362234
130217018
236533756
153856579
233455948
116454841
110539965
171714560
96020059
201707431
183956946
131555118
184955654
194732749
272530412
2384713
160930941
89049615
178992472
182579375
143451056
217164751
103390485
141332428
83856672
161974657
187382994
197499754
152749455
106512277
100516071
239042209
231949979
75354326
90196257
239251943
170739355
118208388
268698391
175848940
232111282
180766841
200267509
73676121
175044818
190468324
158729527
111611414
297947778
136724423
277679849
105852257
67196558
156110719
204088246
140666480
215153774
291993201
173606679
238740729
291684675
136206687
251683504
196992694
261539579
188966610
270692085
133228258
137372222
171997051
216929333
216430419
260807061
104344213
298739351
107570937
188732445
248171168
230170477
154734582
239191481
250985530
176531779
170009159
237236598
110221608
145797899
105425383
114298985
163303694
269825316
178173737
65046242
254501779
117548705
118571018
123309352
197814658
231464085
246186573
71057421
149717689
223870582
133072292
233494959
160149610
280321807
149387035
283080840
228400163
209386053
206642206
